01.01.2021,Январь,11,12,11,12
04.02.2021,Февраль,15,19,4,7
04.03.2021,Март,20,25,5,6
05.04.2021,Апрель,23,29,3,4
21.05.2021,Май,25,31,2,2
01.06.2021,Июнь,30,35,5,4
11.07.2021,Июль,32,38,2,3
15.08.2021,Август,36,42,4,4
21.09.2021,Сентябрь,40,46,4,4
15.10.2021,Октябрь,45,49,5,3
09.11.2021,Ноябрь,49,53,4,4
03.12.2021,Декабрь,53,59,4,6
